# This file may be used to create an environment using:
# $ conda create --name <env> --file <this file>
# platform: win-64
altgraph=0.17.3=pyhd8ed1ab_0
black=23.3.0=py38haa244fe_1
bzip2=1.0.8=h8ffe710_4
ca-certificates=2023.5.7=h56e8100_0
chardet=5.1.0=pypi_0
click=8.1.3=win_pyhd8ed1ab_2
colorama=0.4.6=pyhd8ed1ab_0
exceptiongroup=1.1.1=pyhd8ed1ab_0
flake8=6.0.0=pyhd8ed1ab_0
future=0.18.3=pyhd8ed1ab_0
iniconfig=2.0.0=pyhd8ed1ab_0
libffi=3.4.2=h8ffe710_5
libsqlite=3.42.0=hcfcfb64_0
libzlib=1.2.13=hcfcfb64_5
macholib=1.16.2=pyhd8ed1ab_0
mccabe=0.7.0=pyhd8ed1ab_0
mypy=1.4.1=py38h91455d4_0
mypy_extensions=1.0.0=pyha770c72_0
openssl=3.1.1=hcfcfb64_1
packaging=23.1=pyhd8ed1ab_0
pathspec=0.11.1=pyhd8ed1ab_0
pefile=2023.2.7=pyhd8ed1ab_0
pip=23.1.2=pyhd8ed1ab_0
platformdirs=3.8.0=pyhd8ed1ab_0
pluggy=1.2.0=pyhd8ed1ab_0
psutil=5.9.5=py38h91455d4_0
pycodestyle=2.10.0=pyhd8ed1ab_0
pyflakes=3.0.1=pyhd8ed1ab_0
pyinstaller=5.12.0=py38ha959d8a_1
pyinstaller-hooks-contrib=2023.3=pyhd8ed1ab_0
pytest=7.4.0=pyhd8ed1ab_0
python=3.8.17=h4de0772_0_cpython
python_abi=3.8=3_cp38
pywin32=304=py38hd3f51b4_2
pywin32-ctypes=0.2.1=py38haa244fe_0
setuptools=67.7.2=pyhd8ed1ab_0
tk=8.6.12=h8ffe710_0
tomli=2.0.1=pyhd8ed1ab_0
typing-extensions=4.7.0=hd8ed1ab_0
typing_extensions=4.7.0=pyha770c72_0
ucrt=10.0.22621.0=h57928b3_0
vc=14.3=hb25d44b_16
vc14_runtime=14.34.31931=h5081d32_16
vs2015_runtime=14.34.31931=hed1258a_16
wheel=0.40.0=pyhd8ed1ab_0
xz=5.2.6=h8d14728_0
